Accor;1rPAC/
AirFrance;1rPAF/
AirLiquide;1rPAI/
AIRBUS;1rPAIR/
Alstom;1rPALO/
ALTEN;1rPATE/
AXA;1rPCS/
BNP_PARIBAS;1rPBNP/
CAPGEMINI;1rPCAP/
CARREFOUR;1rPCA/
DANONE;1rPBN/
DASSAULT AVIATION;1rPAM/
EDENRED;1rPEDEN/
EIFFAGE;1rPFGR/
ENGIE;1rPENGI/
EUROFINS SCIENTIFIC;1rPERF/
FNAC_DARTY;1rPFNAC/
JCDECAUX;1rPDEC/
LOREAL;1rPOR/
MICHELIN;1rPML/
NEXITY;1rPNXI/
OVHCLOUD;1rPOVH/
RENAULT;1rPRNO/
SAFRAN;1rPSAF/
SANOFI;1rPSAN/
SOCIETE_GENERALE;1rPGLE/
SODEXO;1rPSW/
SOPRA_STERIA;1rPSOP/
SPIE;1rPSPIE/
STELLANTIS;1rPSTLAP/
SYNERGIE;1rPSDG/
TF1;1rPTFI/
THALES;1rPHO/
TOTALENERGIES;1rPTTE/
UBISOFT;1rPUBI/
VALEO;1rPFR/
VEOLIA;1rPVIE/
VINCI;1rPDG/
VIVENDI;1rPVIV/
VOLTALIA;1rPVLTSA/
